791
929
77
846
205
321
769
760
848
927
856
805
643
816
274
188
675
491
314
706
292
678
687
536
52
674
370
216
864
624
857
655
553
286
501
758
608
622
871
808
901
79
613
544
895
240
733
570
731
399
629
375
77
668
263
481
343
985
698
207
610
555
214
163
842
67
274
802
689
497
610
942
576
575
487
823
167
572
745
251
971
374
978
401
43
242
882
738
579
580
297
189
488
511
705
682
578
331
484
619
511
896
269
944
77
254
625
780
728
285
288
742
29
932
909
168
768
77
317
694
848
430
699
214
506
265
812
612
482
46
519
993
942
788
937
371
42
914
504
123
199
144
865
580
76
775
749
197
204
418
891
52
848
942
267
707
207
431
319
689
829
839
34
772
979
323
495
22
238
351
145
789
495
362
370
924
489
471
121
693
889
12
746
89
954
365
796
513
796
468
554
625
659
588
749
638
263
597
660
501
-47
938
467
-959
34
412
-308
567
935
-795
354
513
-890
312
266
-479
726
22
-291
996
852
-773
670
861
-988
88
673
-110
460
613
-662
507
903
-129
818
937
-894
126
856
-181
273
562
-694
163
227
-961
994
953
-335
285
301
-187
59
971
-400
399
412
-73
861
872
-38
523
731
-941
5
549
-231
251
27
-439
432
300
-2
126
815
-229
439
161
-534
774
798
-187
313
209
-158
714
608
-570
139
821
-794
178
697
-877
119
702
-426
702
305
-805
