256
287
855
997
365
282
494
174
749
663
499
6
401
328
237
383
176
516
247
730
376
825
20
308
316
411
697
953
564
430
974
172
717
829
522
434
463
16
609
212
31
460
218
432
788
807
816
316
323
415
47
52
592
67
360
908
830
410
213
394
840
539
918
557
369
440
344
184
457
953
397
488
413
967
921
553
127
89
869
450
504
268
854
97
335
215
357
517
625
571
911
465
110
830
374
831
270
718
16
79
23
765
920
788
84
193
341
211
282
563
14
138
831
220
587
519
435
945
36
412
516
948
229
978
130
956
810
752
26
178
184
50
943
104
838
379
297
180
943
931
95
309
69
926
529
657
445
965
954
482
729
470
782
311
800
264
267
962
16
293
140
200
695
435
656
534
167
953
66
110
236
161
419
658
439
948
667
885
265
621
719
347
443
501
658
243
765
277
206
133
570
698
686
618
134
342
504
301
648
922
763
884
435
182
894
874
482
561
111
748
182
830
95
625
683
753
221
800
30
427
934
952
477
972
922
611
666
426
264
314
348
379
551
783
561
445
10
44
7
121
792
189
952
239
167
635
344
388
436
726
167
722
30
644
694
953
608
360
379
872
27
80
252
930
215
165
375
225
209
734
347
353
276
651
944
443
638
288
831
74
366
350
148
397
994
194
702
602
907
81
827
934
513
431
216
729
596
591
306
158
678
653
863
954
656
808
397
295
448
580
721
167
930
870
564
276
416
266
879
323
699
706
609
565
137
825
294
85
769
952
243
447
958
459
401
614
619
150
909
419
82
983
586
364
853
150
640
621
768
519
297
468
577
906
33
66
84
679
152
205
631
747
652
589
206
405
204
177
555
465
597
989
448
183
353
653
686
993
275
454
865
572
274
442
830
307
861
266
338
13
471
970
112
475
911
671
880
467
848
787
285
797
776
85
981
481
739
667
475
366
473
692
290
748
486
472
407
347
739
746
712
562
68
825
38
331
848
270
799
48
58
84
846
186
169
179
668
260
846
143
978
319
187
620
419
673
93
827
21
184
573
85
746
993
262
136
324
110
407
123
159
465
559
357
3
81
536
671
693
734
166
672
405
353
292
825
27
737
652
400
273
577
485
372
570
748
508
894
210
915
370
721
732
281
78
736
362
614
759
408
